The animal names ...
< aardvark bear crocodile dove elephant finch giraffe hyena iguana 
jackalope bat walrus lobster >

The real numbers ...
< 60.3 93.0 17.8 94.7 22.8 93.0 14.6 71.1 .8 2.7 
12.1 59.4 71.9 39.0 13.8 98.5 16.5 72.7 16.1 30.0 
14.8 83.7 5.0 25.9 34.7 74.1 35.3 52.8 31.2 18.8 
34.7 61.5 73.9 85.8 86.7 19.5 67.2 84.1 58.7 56.4 
33.1 4.6 57.7 77.8 78.9 4.3 17.7 10.9 83.0 46.5 
42.1 88.1 92.5 49.4 55.4 38.4 42.1 14.7 40.8 54.6 
72.2 7.3 80.0 26.8 42.7 27.6 39.8 83.6 17.7 75.2 
93.6 64.1 19.4 32.5 4.0 48.9 33.2 >

The lengths of the animal names ...
<8 4 9 4 8 5 7 5 6 
9 3 6 7 >
The animal names in reverse order ...
< lobster walrus bat jackalope iguana hyena giraffe finch elephant 
dove crocodile bear aardvark >

The minimum number = 0.8

The real numbers ...
< 60.3 93.0 17.8 94.7 22.8 93.0 14.6 71.1 .8 2.7 
12.1 59.4 71.9 39.0 13.8 98.5 16.5 72.7 16.1 30.0 
14.8 83.7 5.0 25.9 34.7 74.1 35.3 52.8 31.2 18.8 
34.7 61.5 73.9 85.8 86.7 19.5 67.2 84.1 58.7 56.4 
33.1 4.6 57.7 77.8 78.9 4.3 17.7 10.9 83.0 46.5 
42.1 88.1 92.5 49.4 55.4 38.4 42.1 14.7 40.8 54.6 
72.2 7.3 80.0 26.8 42.7 27.6 39.8 83.6 17.7 75.2 
93.6 64.1 19.4 32.5 4.0 48.9 33.2 >

The real numbers in ascending order ...
< .8 2.7 4.0 4.3 4.6 5.0 7.3 10.9 12.1 13.8 
14.6 14.7 14.8 16.1 16.5 17.7 17.7 17.8 18.8 19.4 
19.5 22.8 25.9 26.8 27.6 30.0 31.2 32.5 33.1 33.2 
34.7 34.7 35.3 38.4 39.0 39.8 40.8 42.1 42.1 42.7 
46.5 48.9 49.4 52.8 54.6 55.4 56.4 57.7 58.7 59.4 
60.3 61.5 64.1 67.2 71.1 71.9 72.2 72.7 73.9 74.1 
75.2 77.8 78.9 80.0 83.0 83.6 83.7 84.1 85.8 86.7 
88.1 92.5 93.0 93.0 93.6 94.7 98.5 >

The real numbers ... 
< 60.3 93.0 17.8 94.7 22.8 93.0 14.6 71.1 .8 2.7 
12.1 59.4 71.9 39.0 13.8 98.5 16.5 72.7 16.1 30.0 
14.8 83.7 5.0 25.9 34.7 74.1 35.3 52.8 31.2 18.8 
34.7 61.5 73.9 85.8 86.7 19.5 67.2 84.1 58.7 56.4 
33.1 4.6 57.7 77.8 78.9 4.3 17.7 10.9 83.0 46.5 
42.1 88.1 92.5 49.4 55.4 38.4 42.1 14.7 40.8 54.6 
72.2 7.3 80.0 26.8 42.7 27.6 39.8 83.6 17.7 75.2 
93.6 64.1 19.4 32.5 4.0 48.9 33.2 >
BUILD SUCCESSFUL (total time: 0 seconds)
